,[116.397123,39.90678,0.0,1500344049047]
,[116.397123,39.90678,0.0,1500344054448]
,[116.397123,39.90678,0.0,1500344054448]
,[116.397123,39.90678,0.0,1500344054448]
,[116.397123,39.90678,0.0,1500344179563]
,[116.397123,39.90678,0.0,1500344179563]
,[116.397123,39.90678,0.0,1500344179563]
,[116.397123,39.90678,0.0,1500344533332]
,[116.397123,39.90678,0.0,1500344538906]
,[116.397123,39.90678,0.0,1500344538906]
,[116.397123,39.90678,0.0,1500344538906]
,[116.397123,39.90678,0.0,1500344663983]
,[116.397123,39.90678,0.0,1500344663983]
,[116.397123,39.90678,0.0,1500344663983]
,[116.397123,39.90678,0.0,1500345149161]
,[116.397123,39.90678,0.0,1500345448963]
,[116.397123,39.90678,0.0,1500345864194]
,[116.397123,39.90678,0.0,1500346224236]
,[116.397123,39.90678,0.0,1500346584239]
,[116.397123,39.90678,0.0,1500347184322]
,[116.397123,39.90678,0.0,1500347784354]
,[116.397123,39.90678,0.0,1500348384456]
,[116.397123,39.90678,0.0,1500348986032]
,[116.397123,39.90678,0.0,1500349584607]
,[116.397123,39.90678,0.0,1500350189631]
,[116.397123,39.90678,0.0,1500350784700]
,[116.397123,39.90678,0.0,1500351384757]
,[116.397123,39.90678,0.0,1500351984745]
,[116.397123,39.90678,0.0,1500352584863]
,[116.397123,39.90678,0.0,1500353184911]
,[116.397123,39.90678,0.0,1500353784983]
,[116.397123,39.90678,0.0,1500354385092]
,[116.397123,39.90678,0.0,1500354985130]
,[116.397123,39.90678,0.0,1500355585236]
,[116.397123,39.90678,0.0,1500356185323]
,[116.397123,39.90678,0.0,1500356785426]
,[116.397123,39.90678,0.0,1500357385538]
,[116.397123,39.90678,0.0,1500357985618]
,[116.397123,39.90678,0.0,1500358585643]
,[116.397123,39.90678,0.0,1500359185743]
,[116.397123,39.90678,0.0,1500359785774]
,[116.397123,39.90678,0.0,1500360385884]
,[116.397123,39.90678,0.0,1500360985872]
,[116.397123,39.90678,0.0,1500361586012]
,[116.397123,39.90678,0.0,1500362186022]
,[116.397123,39.90678,0.0,1500362786059]
,[116.397123,39.90678,0.0,1500363386147]
,[116.397123,39.90678,0.0,1500363986260]
,[116.397123,39.90678,0.0,1500364586360]
,[116.397123,39.90678,0.0,1500365186384]
,[116.397123,39.90678,0.0,1500365786379]
,[116.397123,39.90678,0.0,1500366386455]
,[116.397123,39.90678,0.0,1500366986485]
,[116.397123,39.90678,0.0,1500367586748]
,[116.397123,39.90678,0.0,1500368186683]
,[116.397123,39.90678,0.0,1500368786783]
,[116.397123,39.90678,0.0,1500369386876]
,[116.397123,39.90678,0.0,1500369991971]
,[116.397123,39.90678,0.0,1500370587092]
,[116.397123,39.90678,0.0,1500371187163]
,[116.397123,39.90678,0.0,1500371787267]
,[116.397123,39.90678,0.0,1500372387316]
,[116.397123,39.90678,0.0,1500372987382]
,[116.397123,39.90678,0.0,1500373587456]
,[116.397123,39.90678,0.0,1500374187459]
,[116.397123,39.90678,0.0,1500374787557]
,[116.397123,39.90678,0.0,1500375387643]
,[116.397123,39.90678,0.0,1500375987741]
,[116.397123,39.90678,0.0,1500376587844]
,[116.397123,39.90678,0.0,1500377192941]
,[116.397123,39.90678,0.0,1500377788057]
,[116.397123,39.90678,0.0,1500378388946]
,[116.397123,39.90678,0.0,1500378988235]
,[116.397123,39.90678,0.0,1500379588251]
,[116.397123,39.90678,0.0,1500380188328]
,[116.397123,39.90678,0.0,1500380788433]
,[116.397123,39.90678,0.0,1500381388533]
,[116.397123,39.90678,0.0,1500381988618]
,[116.397123,39.90678,0.0,1500382588722]
]
