[
,[116.410237,39.916213,0.0,1500325470324]
,[116.410237,39.916213,0.0,1500325475711]
,[116.410237,39.916213,0.0,1500325475711]
,[116.410237,39.916213,0.0,1500325475711]
,[116.410237,39.916213,0.0,1500325600715]
,[116.410237,39.916213,0.0,1500325600715]
,[116.410237,39.916213,0.0,1500325600715]
,[116.410237,39.916213,0.0,1500326080716]
,[116.410237,39.916213,0.0,1500326440730]
,[116.410237,39.916213,0.0,1500326800715]
,[116.410237,39.916213,0.0,1500327160717]
,[116.410237,39.916213,0.0,1500327520721]
,[116.410237,39.916213,0.0,1500328120723]
,[116.410237,39.916213,0.0,1500328720716]
,[116.410237,39.916213,0.0,1500329320710]
,[116.410237,39.916213,0.0,1500329920714]
,[116.410237,39.916213,0.0,1500330520752]
,[116.410237,39.916213,0.0,1500331120706]
,[116.410237,39.916213,0.0,1500331720713]
,[116.410237,39.916213,0.0,1500332320710]
,[116.410237,39.916213,0.0,1500332920711]
,[116.410237,39.916213,0.0,1500333520720]
,[116.410237,39.916213,0.0,1500334120714]
,[116.410237,39.916213,0.0,1500334720702]
,[116.410237,39.916213,0.0,1500335320706]
,[116.410237,39.916213,0.0,1500335920704]
,[116.410237,39.916213,0.0,1500336520709]
,[116.410237,39.916213,0.0,1500337120712]
,[116.410237,39.916213,0.0,1500337720709]
,[116.410237,39.916213,0.0,1500338320704]
,[116.410237,39.916213,0.0,1500338920701]
,[116.410237,39.916213,0.0,1500339520710]
,[116.410237,39.916213,0.0,1500340120739]
,[116.410237,39.916213,0.0,1500340720687]
,[116.410237,39.916213,0.0,1500341320705]
,[116.410237,39.916213,0.0,1500341920699]
,[116.410237,39.916213,0.0,1500342520699]
,[116.410237,39.916213,0.0,1500343120692]
,[116.410237,39.916213,0.0,1500343720692]
,[116.410237,39.916213,0.0,1500344320730]
,[116.410237,39.916213,0.0,1500344920691]
,[116.410237,39.916213,0.0,1500345429738]
,[116.410237,39.916213,0.0,1500346039902]
,[116.410237,39.916213,0.0,1500346646261]
,[116.410237,39.916213,0.0,1500347254703]
,[116.410237,39.916213,0.0,1500347865157]
,[116.410237,39.916213,0.0,1500348475650]
,[116.410237,39.916213,0.0,1500349086135]
,[116.410237,39.916213,0.0,1500349696606]
,[116.410237,39.916213,0.0,1500350307075]
,[116.410237,39.916213,0.0,1500350920680]
,[116.410237,39.916213,0.0,1500351520679]
,[116.410237,39.916213,0.0,1500352120674]
,[116.410237,39.916213,0.0,1500352720670]
,[116.410237,39.916213,0.0,1500353320665]
,[116.410237,39.916213,0.0,1500353920671]
,[116.410237,39.916213,0.0,1500354520675]
,[116.410237,39.916213,0.0,1500355120670]
,[116.410237,39.916213,0.0,1500355720674]
,[116.410237,39.916213,0.0,1500356320676]
,[116.410237,39.916213,0.0,1500356920669]
,[116.410237,39.916213,0.0,1500357520671]
,[116.410237,39.916213,0.0,1500358120668]
,[116.410237,39.916213,0.0,1500358720676]
,[116.410237,39.916213,0.0,1500359320662]
,[116.410237,39.916213,0.0,1500359920664]
,[116.410237,39.916213,0.0,1500360520654]
,[116.410237,39.916213,0.0,1500361120655]
,[116.410237,39.916213,0.0,1500361720661]
,[116.410237,39.916213,0.0,1500362320659]
,[116.410237,39.916213,0.0,1500362920510]
,[116.410237,39.916213,0.0,1500363520663]
,[116.410237,39.916213,0.0,1500364120649]
,[116.410237,39.916213,0.0,1500364720650]
,[116.410237,39.916213,0.0,1500365320650]
,[116.410237,39.916213,0.0,1500365920650]
,[116.410237,39.916213,0.0,1500366520652]
,[116.410237,39.916213,0.0,1500367120649]
,[116.410237,39.916213,0.0,1500367720656]
,[116.410237,39.916213,0.0,1500368320650]
,[116.410237,39.916213,0.0,1500368920648]
,[116.410237,39.916213,0.0,1500369520653]
,[116.410237,39.916213,0.0,1500370120637]
,[116.410237,39.916213,0.0,1500370720642]
,[116.410237,39.916213,0.0,1500371320641]
,[116.410237,39.916213,0.0,1500371920635]
,[116.410237,39.916213,0.0,1500372520640]
,[116.410237,39.916213,0.0,1500373120641]
,[116.410237,39.916213,0.0,1500373720639]
,[116.410237,39.916213,0.0,1500374320641]
,[116.410237,39.916213,0.0,1500374920641]
,[116.410237,39.916213,0.0,1500375520631]
,[116.410237,39.916213,0.0,1500376120635]
,[116.410237,39.916213,0.0,1500376720639]
,[116.410237,39.916213,0.0,1500377320631]
,[116.410237,39.916213,0.0,1500377920633]
,[116.410237,39.916213,0.0,1500378520627]
,[116.410237,39.916213,0.0,1500379120620]
,[116.410237,39.916213,0.0,1500379720621]
,[116.410237,39.916213,0.0,1500380320627]
,[116.410237,39.916213,0.0,1500380920623]
,[116.410237,39.916213,0.0,1500381520623]
,[116.410237,39.916213,0.0,1500382120629]
,[116.410237,39.916213,0.0,1500382720614]
]
